326.90
181.60
330.24
175.56
331.35
167.14
331.54
244.89
215.22
247.77
197.07
163.05
208.28
311.20
215.22
327.62
316.24
256.56
319.96
308.57
275.52
154.38
214.55
202.80
317.06
217.43
247.08
225.04
207.04
314.93
257.43
265.61
263.72
209.17
212.92
218.30
272.28
161.23
305.94
267.95
157.74
216.01
218.04
261.81
153.08
156.91
324.34
204.65
260.40
245.53
311.41
283.18
191.21
315.12
282.36
279.00
321.84
259.29
152.78
315.84
156.59
221.93
239.58
201.44
317.73
273.26
251.43
311.60
324.75
324.36
245.58
244.52
162.94
329.85
218.82
299.11
177.44
274.77
268.61
199.33
221.38
218.47
219.63
181.19
247.97
320.16
208.35
234.95
201.11
246.24
213.57
249.91
297.27
200.53
261.18
255.89
280.91
248.81
269.44
264.65
696.40
1515.84
808.94
1438.75
1091.09
623.49
1341.22
1369.38
735.59
1361.10
739.96
1464.79
1356.40
1429.07
1355.28
1427.48
662.21
729.37
1281.37
756.39
1436.92
1428.77
895.92
902.50
789.64
1427.83
643.24
730.43
609.87
633.03
1476.24
933.13
819.01
643.99
1373.91
613.11
1174.70
1293.22
1455.58
754.47
719.29
1048.38
1039.39
612.35
800.57
1338.13
1424.11
1421.52
673.24
1474.23
652.13
1552.69
1015.39
1421.87
1294.38
998.25
957.99
1257.17
633.18
731.68
1337.31
527.21
949.75
894.27
1491.64
1186.29
624.48
652.15
1438.51
428.15
586.99
718.79
790.91
1193.60
1315.61
1179.29
1426.00
699.77
580.70
825.02
1424.41
1273.25
1039.23
1438.92
800.70
1083.14
820.08
672.71
948.40
1421.69
1510.69
1221.07
792.17
563.29
503.09
1002.76
763.25
544.94
557.95
822.94
1434.80
1268.80
1764.66
897.14
1488.85
2308.43
1002.63
805.35
1333.03
1542.43
1602.08
1382.91
1611.53
945.34
1376.40
1750.54
1164.20
1187.13
1889.70
1412.15
826.16
1180.61
1628.00
1430.80
1877.12
1441.01
1149.21
1257.20
996.66
1404.40
625.54
1621.42
1012.08
1343.40
790.42
1391.20
909.42
1580.87
1722.70
1564.17
985.58
1493.56
769.85
1577.63
1470.00
1618.49
2096.60
1493.20
1300.80
1647.22
1463.83
1388.41
2028.39
1270.40
1485.80
922.58
1510.91
764.90
1406.75
1044.80
1138.40
1413.20
1781.07
1442.24
1182.40
1520.40
1614.47
1407.27
1296.39
2156.34
1676.55
1726.77
1571.67
1269.92
722.90
971.41
1779.66
1116.13
1507.84
885.01
2163.87
855.96
1192.14
1554.20
1571.55
1995.01
1411.80
1162.02
1470.40
1302.98
2039.53
1593.67
2172.25
1513.60
936.35
1112.80
962.66
1535.00
1327.20
1467.40
1002.66
666.32
1247.28
591.31
1278.62
642.32
873.25
1297.80
1317.50
1393.96
853.57
1149.45
958.18
1076.27
1132.75
662.83
784.55
556.19
948.48
907.06
1207.53
630.85
609.91
1377.49
1381.97
945.43
1036.87
1477.00
1072.47
809.66
421.97
437.38
492.60
1894.30
1197.80
638.28
672.82
419.26
731.80
864.34
474.55
618.27
1135.25
1040.08
675.02
866.58
1267.29
423.87
830.00
876.50
1424.53
763.08
505.87
871.21
546.75
537.63
1247.34
1295.64
502.99
577.25
642.83
973.60
1976.82
1274.89
423.32
1434.44
1307.39
697.37
506.39
974.05
769.96
956.71
1296.97
1253.46
1182.70
833.29
1290.66
511.58
569.04
1032.66
591.40
812.32
1245.80
483.26
951.49
609.62
1881.32
368.84
827.96
1253.50
533.91
740.15
577.05
1283.82
1536.84
807.82
1248.97
635.30
769.96
1481.77
958.36
615.78
868.23
1013.71
821.01
560.66
977.92
711.54
491.62
1197.27
525.72
903.49
763.39
673.87
754.23
545.77
1005.81
441.48
1087.34
407.57
841.23
546.07
627.73
718.83
679.07
716.15
1040.39
745.64
403.79
1115.80
423.45
542.36
1065.66
866.64
597.04
1299.89
608.88
693.03
695.90
828.03
720.64
853.75
571.58
711.58
508.61
923.14
414.37
983.83
1126.48
573.21
363.15
371.80
428.54
771.64
1015.33
588.75
699.32
514.49
532.26
825.69
665.92
611.90
729.95
699.80
1002.48
580.44
701.48
943.75
1013.89
400.83
496.34
893.22
967.38
960.66
620.72
614.35
898.12
871.93
686.65
503.15
565.93
608.58
374.12
420.53
609.18
523.75
960.54
697.27
512.37
897.32
581.91
421.06
537.03
559.18
486.25
402.95
895.07
808.73
616.36
518.98
795.03
694.94
487.37
341.71
839.22
336.43
591.27
509.29
705.01
445.90
715.62
500.58
538.86
516.48
369.57
656.03
506.55
1000.34
706.42
542.28
776.98
559.99
1000.59
513.31
692.84
527.22
483.35
827.81
683.28
457.50
556.55
747.78
838.17
502.01
387.52
837.51
803.36
413.39
893.68
492.61
889.00
889.90
770.56
308.90
543.77
501.28
984.85
895.47
492.03
584.29
1361.71
1047.55
1236.67
1453.54
1179.48
499.08
672.63
716.08
1082.91
1330.14
767.05
1310.09
919.42
633.90
1331.22
693.02
732.33
597.45
943.50
1375.58
617.96
534.84
809.33
1557.56
1205.83
695.39
1439.64
668.61
1242.28
545.91
1325.00
1019.41
614.91
544.71
766.51
1350.06
1345.71
933.45
1087.76
1225.88
1454.56
894.82
1063.37
1491.01
720.31
1366.89
1318.53
1219.84
880.62
2278.08
1467.11
692.91
1530.56
1294.81
574.44
1329.42
778.14
521.06
806.16
1349.33
794.42
1110.06
1132.87
1495.30
1314.70
770.78
1061.78
1296.34
1387.33
595.06
1548.17
466.22
1273.73
505.23
800.08
1314.07
1308.30
673.55
1525.15
994.44
873.84
649.06
697.52
1378.74
881.71
631.12
1404.18
1298.48
671.49
1432.20
504.38
1041.29
666.82
1009.33
987.46
1191.35
584.60
1285.32
1310.98
712.04
1589.60
2042.52
2152.69
1974.93
2037.75
2219.77
2127.53
2150.97
2064.11
2074.95
2178.66
2142.03
1241.40
2131.96
1407.60
2152.69
1381.20
2126.41
2051.21
1288.20
1261.00
1589.07
2019.70
2039.73
2134.69
2305.48
2010.10
2183.69
1488.62
2124.70
1396.00
1643.19
2130.29
2133.64
2118.55
1390.40
1493.34
2182.31
1445.00
1489.92
1590.13
2189.02
2113.52
1589.13
1589.37
1431.20
1541.50
1389.60
2243.80
2211.64
1971.23
1286.20
2295.02
2020.16
2216.97
1273.20
2052.03
2057.60
2294.41
2275.40
2292.57
1543.27
2031.05
1270.00
2051.47
1294.00
2143.70
2011.48
1447.60
1494.40
2252.75
2024.08
2002.84
2120.78
1404.20
2208.29
1540.44
2100.66
2146.54
2268.58
1407.00
1519.10
1638.95
1438.40
1942.76
1587.00
1301.20
1539.97
2264.89
2142.59
1958.24
2092.28
2208.03
1590.31
2136.48
1640.18
1313.80
2020.43
1958.92
1272.60
1225.03
1103.27
804.79
1780.80
1312.74
528.96
1356.11
1458.63
549.43
1048.32
2372.71
1337.94
1840.65
1697.80
1300.93
2347.04
1393.60
1539.55
1564.80
1696.27
1223.93
2386.43
1721.82
1649.20
1515.35
1477.15
1402.73
755.29
1685.40
1591.15
1541.80
1377.45
1970.93
1058.73
1338.39
1529.40
625.11
1647.40
1634.58
364.88
1427.60
2050.21
1120.04
553.51
1226.63
1408.60
1742.60
489.47
1453.00
1246.51
1124.40
1387.12
1060.23
2348.12
1372.60
1021.64
1162.34
2317.16
1203.13
1769.00
1458.08
963.73
713.93
212.67
1150.51
1169.18
1174.87
1544.80
1225.45
759.19
1683.46
1230.40
1334.99
416.57
1377.43
1381.97
1594.62
1476.82
674.10
1574.18
978.26
876.25
1288.14
1541.03
647.68
1833.05
1410.99
1693.85
772.01
1558.20
2283.23
688.70
1124.74
1248.58
1303.17
1679.62
1413.80
1169.84
1055.15
1146.69
1547.27
2016.51
1195.80
1644.00
2134.20
1266.40
2037.49
1956.70
1226.45
1416.20
1576.79
1246.82
932.28
1331.03
1261.20
1112.33
1700.52
1276.09
1391.52
1405.51
706.28
1410.29
1493.16
946.67
1136.40
2279.59
960.72
1596.18
1375.07
1660.00
408.91
1257.90
1353.55
1040.90
635.17
1271.29
899.62
1226.95
1252.00
1170.51
751.12
1247.86
537.93
1656.80
811.21
1575.40
1793.52
877.71
805.14
1732.52
1472.39
1656.84
2087.91
2308.69
1325.96
570.28
1431.37
739.06
1549.52
1683.45
1680.60
725.01
698.96
1205.40
1333.80
1149.13
781.37
1428.54
1316.56
2204.92
1562.34
1846.60
842.93
2097.59
1210.60
1241.79
1453.80
1898.80
1498.95
1354.80
979.07
1512.80
1740.23
1322.20
1421.40
1315.60
471.43
1055.29
587.25
1630.66
1736.40
2011.21
1200.21
1388.57
1161.31
1507.37
1351.60
1243.80
1205.06
1444.60
1306.35
1225.95
1793.40
1482.43
823.01
1448.00
1271.01
1348.56
1418.57
1737.60
1462.84
1437.64
1680.68
1292.43
1462.80
2436.58
1732.20
1547.00
1351.45
1038.66
1100.75
2447.66
2102.90
1426.60
1237.25
1475.58
682.81
547.70
1456.54
1806.78
1090.95
1068.97
1054.84
1263.60
1704.60
1522.37
1953.28
2345.36
1760.20
1533.60
1374.42
1468.62
1440.40
1413.87
2331.64
1629.77
1247.52
2272.89
1499.00
2102.34
600.75
680.44
1627.20
1172.00
1735.04
1908.80
1410.48
1545.20
1532.18
1559.20
978.13
1550.80
681.63
1160.60
1399.32
1472.95
1245.09
1331.03
939.74
1456.80
1427.48
817.23
1374.42
1522.60
698.88
1460.21
1411.20
1444.60
1729.00
1348.63
946.97
1031.35
936.88
1287.00
1235.24
770.08
1486.24
706.43
916.85
1487.32
1392.79
1002.62
1671.80
1427.70
1001.73
1569.73
552.20
1545.80
1084.21
1531.65
730.60
1561.07
794.31
1871.00
1402.54
1520.49
1536.74
1530.17
909.40
1766.80
1599.60
953.44
933.45
1503.66
1281.20
1186.73
1481.60
1741.46
1499.40
1423.11
1267.38
1751.57
610.05
1421.06
1192.93
1383.50
1319.59
1380.49
1791.49
764.91
1102.60
1030.07
1522.53
1583.98
1177.26
746.58
1170.22
1887.60
1482.60
687.15
1540.00
1350.99
1327.26
1786.22
1101.20
1245.63
387.06
868.15
1569.80
1766.27
871.51
791.99
1848.28
1259.76
1716.33
1548.40
1625.67
1453.62
841.11
1656.20
1839.20
1749.21
1998.36
1239.21
1362.95
1407.87
1681.50
685.66
1524.40
1337.78
1376.60
1328.28
1633.00
700.78
1522.33
1306.35
2107.93
2109.90
1409.76
1471.39
1371.41
1445.40
1371.20
982.68
972.49
1148.61
1034.44
1345.76
1421.20
2266.34
1347.67
1186.50
950.67
1113.37
1568.55
964.82
1995.31
1693.60
1533.00
1147.33
1531.00
1493.15
300.11
1883.60
1230.88
1531.53
1309.20
1538.02
1871.73
702.85
581.10
1207.03
655.00
1700.20
1482.28
1742.64
439.60
1258.19
1434.44
1605.79
1324.20
1459.46
1049.02
1261.80
937.56
1622.25
1720.72
1307.42
1797.40
1483.00
621.23
1204.40
627.86
1296.20
1988.57
1756.45
797.08
1334.69
1123.78
936.92
1573.80
849.30
1591.98
1744.48
1464.40
1740.40
1639.00
1108.20
1012.82
842.92
1598.65
1268.56
1377.54
1096.58
829.66
1075.98
1269.99
709.67
1544.00
1325.12
2204.41
528.46
1776.22
1094.00
2309.17
1570.20
406.55
828.79
1498.20
464.22
1052.65
1308.89
1341.89
1511.60
1262.51
1481.80
1208.93
1485.43
685.02
1352.92
1338.02
1174.02
1307.12
1245.51
1715.13
466.50
944.90
657.74
1414.06
1410.31
1075.98
1217.91
880.21
1070.76
1146.58
1254.00
2156.90
1640.40
2134.20
1256.42
2229.31
1262.80
921.67
1183.82
769.67
1125.79
1345.67
1065.78
1984.65
2000.43
1346.43
571.00
1667.62
925.60
1669.92
1462.05
1804.00
1359.61
1514.17
799.20
1410.94
1153.66
1205.71
1742.97
1255.61
1382.60
1508.20
824.89
1168.52
1148.20
678.94
1290.40
1228.10
789.61
1904.47
1318.13
2315.95
1102.26
417.54
1014.77
1326.55
1525.80
1489.68
1485.80
1305.82
1467.41
1508.04
1472.33
1245.16
1390.10
1828.64
1230.58
1426.60
1251.90
1472.60
1714.20
1641.20
2015.42
1145.91
1069.90
956.39
1408.50
1388.24
912.67
1667.00
1603.77
681.47
1510.74
2056.13
1296.90
951.11
721.94
1306.10
1373.55
692.31
1375.05
727.43
1472.75
1220.96
1131.78
1530.94
1017.23
1084.56
1058.34
926.80
1357.88
1235.80
633.63
1444.06
1090.38
526.22
1326.89
767.39
1276.80
889.88
1462.80
1443.57
1449.87
1293.19
1700.08
946.50
1455.81
1224.72
1526.40
1895.40
2260.31
1529.46
1014.02
470.10
1583.00
1218.23
1100.60
1282.99
1312.60
2060.15
1345.43
1339.48
1508.70
945.14
1574.40
1771.80
1587.20
928.34
1433.20
1478.63
1562.10
1456.54
694.52
2038.61
1288.98
1737.41
1236.07
923.60
1685.20
1535.42
1232.35
1787.80
1221.80
1150.80
659.32
1281.52
2389.48
1490.27
1581.82
1580.20
1443.47
1347.67
1745.20
1345.49
1341.18
1493.56
1310.84
1656.83
2247.05
786.47
548.32
1940.41
1300.35
1469.50
371.21
1244.56
809.20
845.46
1742.60
756.45
1347.85
1692.13
1259.20
1412.92
1573.40
1298.45
908.32
1564.16
1711.91
1349.14
1456.80
1414.40
1539.19
955.87
1542.19
1347.61
1092.87
1090.40
1490.40
3445.24
1103.03
1689.04
1358.57
1467.94
1537.40
1133.43
1675.20
1341.01
1500.60
632.88
2117.73
1421.15
1799.40
1225.34
836.30
1830.30
1607.60
1334.85
949.33
1194.57
1439.00
1366.66
1321.40
1318.29
406.18
1522.97
1074.01
1211.18
1406.32
2418.29
1172.20
1240.55
1458.80
1093.44
489.48
1408.76
1392.95
1247.28
1239.40
1001.84
902.84
1469.80
1242.55
1356.94
1433.17
1537.60
1282.40
1199.99
694.24
1353.04
1518.80
1663.92
1247.51
1294.44
510.49
1740.59
935.12
630.78
1225.51
1863.25
1406.40
1272.60
1395.73
1688.54
684.65
1535.08
1747.00
1157.87
1883.53
1437.59
1691.95
580.06
584.05
1344.66
932.45
1585.60
1174.49
1649.40
1475.34
1427.23
1211.40
1233.25
888.15
1609.40
1768.42
571.88
1155.51
612.88
949.24
761.40
1280.63
1525.96
1347.80
1930.99
621.74
888.74
592.26
1166.21
750.28
1243.60
961.93
1798.80
1394.80
276.64
1300.69
1156.53
644.21
914.29
1083.00
909.35
1507.00
1731.00
1927.52
801.57
388.70
1461.43
1130.09
1624.04
1531.65
1081.73
1410.35
345.98
454.20
1665.54
1630.92
591.80
901.90
1018.45
1087.60
1524.94
1272.78
1502.60
384.46
1192.08
678.52
1510.07
1679.77
1535.20
1635.79
1357.23
1468.40
1285.94
1694.00
1195.28
1347.00
869.12
1373.52
1167.24
824.13
1445.70
1487.82
1422.05
1600.53
1663.16
1495.00
1299.26
967.61
1322.24
948.90
899.81
1441.99
1522.37
1499.28
1317.17
1890.80
2302.40
1464.40
405.62
1322.30
954.27
1882.40
1458.17
1162.88
1296.74
782.81
1486.20
1529.20
2322.62
1397.78
1275.72
1000.85
1901.80
1532.00
487.08
1208.74
857.73
1223.08
1409.05
1306.10
1447.29
1627.62
1524.35
1744.18
1417.70
1131.78
1332.72
1672.53
639.12
1500.52
1348.14
1082.00
443.77
742.50
1340.02
915.59
1660.22
900.33
1535.90
1476.40
706.17
1148.40
1281.93
1398.51
1103.65
1272.67
1486.38
1334.63
1587.40
1780.20
1664.20
1695.60
1234.18
1154.13
1088.00
1292.88
1478.53
1441.75
439.53
1969.00
1693.66
2034.34
1527.64
1189.05
1236.95
1248.73
1359.85
1523.00
681.52
296.46
719.10
550.60
1415.55
824.16
855.56
483.91
818.86
1677.70
1287.05
587.97
1156.43
1800.03
809.20
1710.60
1745.00
1555.09
1526.81
379.32
1296.90
1559.83
733.43
1092.95
1265.25
1084.05
1686.60
1421.15
3064.81
631.21
2406.29
1122.00
2239.37
983.79
1268.25
1075.41
1732.52
573.93
1400.45
505.33
1405.26
1598.26
1631.00
629.94
1255.00
609.35
1100.95
1044.13
1338.58
1512.80
1231.47
1358.91
1179.20
871.31
615.91
876.83
1873.50
1624.00
908.69
2153.77
1838.00
1371.60
990.52
1367.34
1358.17
758.30
1469.12
1148.53
1432.44
1569.37
1179.42
1445.40
1707.92
1540.24
1474.00
1685.20
1370.00
1315.77
1140.86
3052.99
1496.80
1084.03
1398.20
1094.99
892.27
1707.65
1632.17
1679.40
1044.51
995.96
1150.00
876.01
2016.25
1304.14
1856.60
476.00
1351.69
1261.87
1096.34
1537.95
1489.09
1800.14
3156.44
1107.63
1222.14
1462.23
2048.64
519.06
2098.42
658.51
943.39
1589.00
939.69
1458.88
397.56
2054.26
1345.37
1704.60
1827.40
1269.57
1508.38
1339.00
1831.80
1399.26
1281.38
721.40
785.99
1424.23
669.98
1411.20
1417.05
1359.48
2429.77
1354.20
1309.80
1154.60
1206.99
1645.20
1482.01
1793.20
525.54
932.24
1019.10
1370.45
2007.01
1366.20
1118.40
1882.59
1353.40
1332.28
1427.66
1480.77
1347.14
2110.04
906.31
1328.50
1010.77
1359.80
1654.64
1440.75
503.88
1158.97
878.61
1145.57
1152.50
1073.84
401.93
1281.93
1292.96
1435.42
1099.90
733.93
1031.13
1447.80
384.63
678.96
1363.60
1594.89
1072.21
1691.40
1670.05
1596.05
1437.77
1661.18
1472.10
1274.44
1535.00
1397.00
1016.87
589.34
948.72
935.19
1364.63
506.31
1345.67
1742.76
1459.57
1221.91
1532.85
896.19
1590.40
2395.37
1290.00
875.66
1484.20
1168.15
1297.03
1344.76
1408.34
707.90
1020.20
2052.03
1845.35
2134.20
1430.34
1461.54
1537.72
1474.93
1709.20
1732.95
1457.58
1440.46
1258.31
1455.20
1246.75
1406.43
1505.65
1284.41
1310.90
1330.74
959.56
467.58
1680.86
1428.20
1131.78
1155.17
890.82
1126.40
1280.94
497.23
453.37
1157.60
1600.21
1363.90
1296.33
1785.20
1558.80
2177.90
1394.34
1389.83
802.64
1201.98
1034.31
2001.98
568.84
1386.47
1101.30
1644.95
1523.20
1232.88
1337.60
804.18
1331.68
1593.00
491.77
1391.51
1215.83
1680.77
1677.64
1548.42
484.00
1241.12
1324.98
204.44
616.60
2025.71
1152.40
735.79
947.24
1537.31
602.68
594.31
1837.82
1507.00
1434.44
1260.60
1551.00
1222.44
1721.85
1049.43
1541.56
1223.60
1380.85
1659.36
2240.66
607.86
1707.92
1313.58
1292.50
1337.05
531.61
1460.67
1596.25
1342.93
565.19
1291.33
1510.40
1329.13
852.76
1402.89
1406.85
1528.28
1413.20
1734.03
522.62
263.33
751.34
1527.75
1609.40
1272.60
1629.21
1297.36
1596.60
1489.60
1532.40
523.27
1669.37
1591.49
1362.29
1247.60
1793.20
1314.73
1592.20
1292.69
1202.49
1435.93
688.72
1528.05
1345.61
1487.03
1171.83
1676.06
351.02
1568.40
1295.04
1236.19
474.54
635.27
1731.40
1191.40
1609.00
909.84
1767.20
1294.08
762.33
1740.17
1065.21
836.49
726.09
1246.42
2319.01
1310.60
1460.11
646.54
984.52
1100.58
863.93
1516.80
1346.86
1505.43
1368.37
1105.00
1203.79
2000.69
848.83
1247.43
1588.00
1400.85
431.30
1550.80
1206.65
2263.11
1412.20
795.66
1182.10
540.41
1709.59
1474.40
783.13
1049.67
1694.80
468.58
1001.94
646.09
1795.92
1341.06
2283.79
728.01
1053.43
1243.95
1619.62
1666.80
578.08
1564.40
1272.84
1331.43
630.73
1712.45
1348.44
1876.39
1614.60
512.79
1463.22
1228.16
1747.40
1303.61
1446.87
1684.86
679.86
1100.24
876.45
782.54
1385.20
1413.47
1706.89
1287.80
1353.02
1355.21
1312.98
1237.07
1492.14
2207.04
1027.06
1650.00
1334.20
1470.80
1279.86
945.74
1291.43
1720.00
1460.20
796.95
3099.32
1309.78
2114.64
1622.98
1708.11
1581.40
1242.97
1347.79
1418.23
1519.80
998.58
1528.95
623.01
1442.60
1808.68
443.50
1328.20
1806.80
1570.80
1314.15
1401.03
551.89
1043.68
1417.40
1030.75
1482.07
941.60
781.15
1337.35
1161.40
1243.40
1704.80
1367.44
331.89
929.31
1483.90
2181.76
1423.53
1673.20
1590.20
1195.62
1514.64
1631.69
1411.59
1259.37
1102.20
1343.40
1492.88
995.26
1697.55
1541.41
844.12
761.99
424.82
1539.55
1177.80
1354.81
696.13
960.95
1282.52
1406.40
893.69
1252.07
1448.40
678.98
1735.80
752.39
583.81
1654.50
744.60
1526.57
1728.60
790.38
1670.40
2154.40
1736.39
746.47
448.66
735.34
1491.19
1724.77
485.98
1453.40
1575.00
1154.73
1375.20
919.89
719.38
1435.09
708.13
213.12
1230.33
1537.55
1514.43
1368.00
1722.80
1434.73
2127.93
1402.74
1245.92
1489.11
1687.16
753.56
1303.47
1354.16
1730.80
1020.42
1344.80
1052.18
1771.69
1590.28
1396.68
1329.54
1217.50
1537.60
1040.82
1713.65
1793.20
514.27
1841.21
202.87
1543.40
1233.60
1515.00
1717.18
1146.24
1727.60
1552.80
1435.42
1400.03
549.59
1331.98
1896.38
1434.40
1364.20
1532.40
1022.49
1675.37
1616.57
1383.93
273.50
1761.00
454.80
306.13
1049.41
870.31
1512.40
1492.81
1295.03
1503.80
1401.68
1434.38
1144.20
1156.03
878.91
1682.60
1154.00
1621.90
1330.43
1258.63
1628.33
1409.64
1726.27
655.49
1285.92
1213.66
1732.60
851.04
455.17
990.72
911.09
1197.81
808.33
1329.00
1476.41
1750.52
582.63
1814.75
626.16
1520.60
1878.99
1357.58
1124.13
1511.59
748.57
2161.34
1477.96
896.13
1382.40
628.31
809.84
510.14
689.80
401.68
2105.69
1792.60
1656.01
1391.28
1310.90
563.01
1440.34
1687.80
1261.95
467.73
1454.96
1468.95
493.94
1321.42
645.57
654.62
1118.14
2145.32
788.62
543.80
1164.78
1666.40
1339.70
1763.60
1810.40
1150.78
1426.36
1814.80
1222.03
828.67
836.91
1530.70
1069.34
1301.00
800.85
1382.17
2165.16
1523.62
1065.12
1691.80
2109.64
1485.23
1481.00
1152.35
917.53
1822.98
1376.31
1117.13
1301.81
1252.00
1314.76
515.39
3166.32
559.68
1080.18
277.76
1432.79
1676.20
1920.77
1353.81
1334.34
1456.86
2043.64
1529.88
1166.01
1277.68
611.61
2019.05
1683.74
960.48
1490.15
1131.78
1512.00
2057.35
1414.40
653.26
836.32
1123.40
1713.40
1371.17
1019.25
1391.63
1282.40
1261.59
1637.00
1150.20
1279.00
1157.60
800.88
2071.43
1381.20
1453.20
952.70
1243.60
1012.84
989.13
1336.60
1357.20
1338.35
1496.76
2267.97
1355.95
801.15
751.00
1250.20
1234.60
1531.41
1234.65
1003.46
1223.38
705.69
2079.48
1108.20
2195.47
876.91
1455.97
514.45
1479.72
1232.36
1034.58
330.11
1511.20
1460.93
565.12
858.47
1652.00
2078.30
1491.99
1612.80
1496.42
1262.00
1529.52
1460.96
1553.00
1022.93
517.70
1844.28
1468.95
1171.00
1642.72
1917.20
1120.40
1679.01
1431.00
1272.84
1333.90
1434.69
1226.90
1470.46
1280.34
1879.60
1138.60
3228.20
1322.60
1406.81
1357.93
1535.40
845.74
1273.20
1256.96
1470.46
1455.20
586.22
1145.31
1247.70
1912.80
1249.80
1187.30
1412.40
1406.60
1477.60
1854.15
857.77
821.13
1428.00
412.01
1764.20
1714.40
1665.00
1699.33
1466.54
1344.84
1290.25
1581.80
328.47
1412.00
1306.29
1165.28
1701.40
1594.58
899.45
1360.53
1409.29
1655.88
1307.34
1274.00
1267.70
1984.65
673.59
1541.43
994.91
815.13
517.34
645.03
902.00
1572.99
593.44
1370.94
754.15
1352.69
1280.40
1472.80
1139.00
1602.40
1292.43
1254.09
1447.00
1786.00
1088.11
478.47
1308.23
1782.07
1437.40
2284.57
2115.75
570.01
513.19
1507.80
1126.37
2000.30
775.62
1722.80
1022.97
1409.23
1345.14
999.99
1160.13
1190.28
1664.80
887.55
2211.08
1325.88
1187.84
1680.29
1428.13
1825.00
1479.06
1250.20
1252.60
2374.69
954.71
634.79
1471.39
1099.54
1540.92
895.88
1278.54
1086.08
1478.40
1403.80
1940.17
1165.59
1288.01
3118.28
494.93
1624.23
1240.80
1659.00
1632.60
644.02
392.00
1632.42
1629.40
1148.48
1599.20
608.39
1313.14
1244.83
616.10
1555.20
1240.14
1037.45
1817.11
1640.55
1295.97
770.57
770.08
1295.91
1263.60
1623.80
1122.20
1434.62
1410.76
946.54
1752.80
1451.00
1483.95
1571.00
394.38
1702.49
1118.07
1473.60
412.99
589.08
1452.00
1467.80
1109.62
836.43
1360.26
1699.60
1511.80
1435.95
1724.93
1505.69
1017.60
1539.22
1531.78
1445.65
924.95
1200.50
610.07
1717.02
2211.51
1650.02
1878.10
2430.33
1652.60
1639.32
1524.57
570.78
688.64
1297.62
613.96
1460.83
1509.42
1312.60
1000.49
1959.93
1448.90
1429.20
1765.71
1385.54
1967.32
532.23
1071.44
427.32
1425.82
796.64
2114.08
1580.31
2294.97
1448.56
1427.76
892.33
374.84
721.08
1231.20
1356.99
1400.02
982.51
731.21
1257.54
1208.59
1421.10
983.94
770.69
1524.98
1522.56
2077.86
696.65
1192.20
443.69
668.24
1902.47
1445.22
1543.00
1375.13
1204.80
1137.80
2022.66
1647.20
884.78
1694.01
1307.48
1186.00
762.26
1367.65
1483.54
309.29
1514.80
1752.20
1152.45
1286.71
864.38
1480.36
1111.03
1482.99
1296.97
1221.00
479.07
1457.74
1346.67
1376.20
949.21
1079.02
1872.38
442.69
1585.60
2131.44
647.36
1368.35
2260.91
1597.67
627.68
1537.31
1258.29
1178.60
1240.96
1464.80
1005.20
1232.17
1861.00
1522.09
1000.00
1394.80
1885.60
1217.35
977.43
1642.22
1035.54
483.31
1020.71
1302.29
472.53
1312.60
377.20
1337.64
1169.66
1589.04
1355.60
1735.21
1456.41
1374.12
452.21
783.06
1802.22
1585.60
1271.93
1524.38
1827.76
1380.60
1445.75
1550.34
884.42
1262.40
356.38
2491.82
1477.95
774.16
556.24
437.56
1531.00
1473.01
1270.61
1507.80
1308.80
1342.42
1424.40
1139.60
693.70
1642.37
1426.24
1354.60
1810.36
1115.80
1893.27
1295.14
1456.21
848.42
945.45
1697.31
1715.00
1425.08
704.42
2233.74
1277.33
1283.07
1411.47
1473.87
1295.62
1238.07
1425.94
1226.57
1870.40
1190.56
1486.85
1744.81
1685.10
2372.71
1189.22
1275.60
1478.35
1293.40
1427.76
672.65
1060.29
1427.06
1370.88
1477.00
1380.73
1171.86
860.35
1173.37
914.66
1838.80
1371.94
1143.89
1612.80
1424.12
1495.00
1900.00
1778.65
1414.20
1383.33
1472.22
1161.91
441.65
1413.20
1524.80
1948.31
1888.54
2502.44
1477.82
1560.20
1409.14
954.37
1372.82
1686.89
1333.60
1402.15
1142.70
1454.80
1422.51
850.00
1536.40
1286.61
1724.60
2397.29
1225.51
681.96
1446.71
2274.73
1682.40
1702.52
984.73
1834.60
2015.95
1765.60
1417.13
1404.98
1663.80
401.20
645.50
1246.51
690.15
1604.11
1185.58
1397.40
1197.99
1332.39
1234.65
1088.65
1570.80
1370.80
1399.69
1235.84
1720.38
1405.74
1339.03
904.93
1727.00
1123.00
1285.65
1226.86
1345.55
1595.15
1495.41
1040.28
407.26
907.49
1377.84
754.84
1322.36
1370.13
1585.07
1546.20
1587.20
1261.00
1380.91
1690.73
1320.77
2147.95
1294.69
1409.40
1607.20
1786.80
1248.24
1254.80
1376.90
1173.80
1543.86
1080.22
1238.87
2340.03
2106.30
1262.98
719.85
1669.33
1861.80
1340.65
1458.20
1667.71
1699.80
665.39
1632.46
447.68
1222.08
1429.60
695.87
1479.80
1319.00
1314.40
1531.80
1627.62
1018.89
935.86
1412.17
1788.40
1262.00
1119.80
1695.00
1583.79
924.73
1459.56
950.65
1378.31
965.17
1299.92
1594.60
1779.00
2276.56
1294.79
640.12
1798.00
1174.42
1523.03
1218.73
1528.11
1181.25
773.99
1171.69
1428.42
1341.78
1181.80
1066.79
1666.79
1218.40
1396.50
1855.20
1948.08
431.93
1274.38
1147.08
1256.95
2348.93
786.44
1441.40
1863.45
1088.78
1224.09
1526.60
1432.00
1623.34
1682.81
441.94
766.04
903.71
3398.54
1547.15
1468.28
1407.22
1656.70
1346.42
1187.40
575.64
1473.16
2019.31
1608.20
2161.93
1469.00
1333.34
887.90
897.05
1755.41
776.36
1308.01
1342.54
1203.80
659.98
1495.29
1880.70
961.02
1246.60
761.37
1031.08
1595.92
1223.03
1519.00
2284.57
1199.20
1001.11
1359.83
963.43
1354.09
1623.31
941.00
1562.20
1231.40
710.85
787.42
1596.62
739.25
2024.52
1217.02
1163.10
1738.83
1461.24
691.27
1176.74
1333.10
756.69
482.55
669.49
380.13
1219.21
1662.40
435.57
1417.60
1776.00
1729.88
1350.62
2001.40
1876.10
726.48
1276.50
2327.69
1518.17
1571.77
1191.74
1419.32
1397.00
1194.28
1141.39
803.63
1383.80
1434.91
1295.14
1342.33
1417.20
751.41
1132.38
907.73
1395.42
768.40
1279.75
609.13
723.76
1274.79
977.26
877.18
367.68
1402.70
956.12
761.52
1512.00
585.86
2289.98
1369.95
1365.60
1643.00
1426.28
900.63
1540.20
2035.52
1983.53
571.89
1041.65
970.63
1406.27
399.28
1156.13
1734.77
1347.53
1558.80
855.70
752.31
1528.70
1337.82
1915.40
2109.60
1460.63
1507.60
1532.65
591.91
1337.60
907.10
1505.60
1101.45
302.61
760.46
1164.00
1725.78
2102.34
738.27
1365.99
1600.12
812.12
1237.13
1665.92
1273.82
1397.00
1665.20
718.00
1529.64
694.28
1437.60
988.92
1412.93
979.51
2275.45
1359.58
1172.53
1551.80
1525.33
1209.09
1401.00
1783.88
1352.71
1873.40
1479.77
990.55
1346.08
1241.85
1610.18
986.60
1802.72
1057.44
1529.97
1531.41
1835.66
1727.40
2452.95
2410.20
742.84
1346.02
1426.95
1451.59
599.81
639.05
1072.53
2269.00
1209.10
1404.43
1535.60
732.96
1524.77
1180.60
1592.42
443.42
1009.27
1421.00
1479.77
965.86
1130.23
1711.00
1249.60
1531.71
2021.12
1072.69
486.90
1789.80
1455.36
1358.36
2414.38
1453.29
1529.20
1256.98
1218.80
1588.98
2305.48
1952.23
818.85
1328.44
1218.54
1914.46
1555.80
1377.35
1706.23
1536.35
1467.74
784.05
768.63
897.86
1423.87
1399.80
742.16
1758.20
1473.70
1277.74
1496.00
1501.15
1332.05
1110.75
1691.20
1658.20
1131.60
782.09
1392.80
1304.70
1898.20
872.88
2036.64
1177.62
1545.40
1464.31
1840.33
575.35
1402.05
1272.84
1034.71
1503.05
1090.95
922.17
1277.40
1163.93
1558.60
1521.68
1592.71
1707.23
1276.00
1220.40
1206.07
2513.62
1342.78
1462.34
931.04
1085.20
1670.20
1384.60
1375.89
611.40
1460.63
1750.20
1426.89
2032.72
1559.00
777.15
1360.26
1533.20
1463.72
954.30
1311.80
657.13
1148.40
1397.78
1308.60
1419.15
633.75
1040.20
1723.12
1087.10
1277.00
1702.67
1328.24
1482.25
1283.57
1669.20
1340.80
1525.29
1824.69
354.06
1180.28
830.30
1483.25
1592.38
493.22
1131.80
1250.82
1729.33
1606.20
1556.64
1590.00
1414.60
1075.50
1156.20
1878.16
1273.65
3232.76
1247.23
899.38
1670.00
1245.33
1406.32
1462.77
1783.24
1231.24
584.00
1352.97
1422.20
902.42
1231.22
1323.60
1659.80
1340.63
803.16
700.13
1576.80
1489.20
1290.26
1200.87
1738.80
1133.40
1739.20
534.38
1402.90
733.09
1207.40
1448.09
860.90
792.39
1266.13
579.23
1642.60
1256.28
1161.75
1739.40
1190.39
1354.28
1554.67
1217.53
1133.61
1634.57
1409.37
1471.65
816.56
655.14
943.25
501.24
1789.60
1457.74
1241.50
1276.71
364.29
1019.18
1246.51
1371.55
1127.15
2452.65
1139.78
1242.14
1383.52
1544.20
1938.18
1912.11
1691.55
1319.90
1657.60
1955.12
1576.15
1393.80
1193.80
654.54
1592.29
1222.50
728.92
1748.00
2060.02
1572.20
1240.46
1474.28
753.56
773.33
1655.00
1288.37
1695.00
494.16
1285.65
1831.77
693.22
1292.40
1598.71
1829.17
270.87
1615.65
1898.40
1839.62
603.88
1363.91
1374.00
1658.20
1596.40
2272.65
1433.48
1573.13
492.35
1606.44
858.62
775.94
1575.30
249.71
2029.20
568.47
603.57
1152.00
1179.27
2252.77
1057.46
1792.93
1785.20
744.80
1887.37
1424.17
2164.03
638.52
677.88
1344.00
1232.80
1300.40
561.76
1431.20
2408.45
1076.55
1298.87
672.19
1737.40
1776.20
1443.80
1657.00
1454.60
1337.76
579.01
1071.95
1481.54
1870.00
1667.53
2015.13
740.61
1417.60
1260.84
1554.60
1191.07
1234.59
1385.20
1980.10
672.70
1731.55
1592.63
1330.92
1541.15
1322.83
1008.48
1308.69
1832.40
668.12
932.07
1815.20
1482.95
600.50
1617.75
1496.92
1343.60
1590.90
1520.20
1255.12
884.43
1551.52
1216.00
1435.60
615.84
1279.37
993.14
1461.38
1345.76
1368.68
1562.40
1632.76
912.70
1667.88
1421.10
1085.26
1259.48
1524.20
1430.20
1426.24
1404.54
1546.30
1713.60
1441.00
1500.60
1666.40
1006.99
1670.83
1560.96
1258.67
1598.33
1598.00
1791.60
1576.11
1499.86
2100.66
560.56
1359.07
499.27
1439.10
1855.84
1406.81
1232.17
730.64
1240.79
1577.54
1249.87
1264.47
1485.40
2158.24
1168.82
2062.09
711.95
3166.16
988.28
1409.47
900.83
1039.19
1379.00
1530.10
1207.60
534.09
1457.00
1343.74
1326.89
1539.20
1673.80
1345.37
1489.39
1726.12
1547.98
1475.06
1226.13
1380.93
1416.37
2293.89
905.37
761.58
1934.79
504.75
1719.40
1375.42
1352.70
1258.54
1497.80
1407.32
1726.80
1484.40
1033.22
1587.00
996.84
713.12
1185.95
825.10
2000.04
1799.20
1344.90
1289.15
1338.20
345.35
1346.40
997.65
1161.74
1574.20
828.83
858.48
1251.00
734.52
1517.50
1591.63
638.52
1305.29
490.22
622.12
1199.16
1816.54
1101.82
1371.60
1521.91
844.19
2150.97
1653.31
1396.48
1320.60
1270.27
1330.35
732.58
1500.20
1496.00
645.94
684.15
720.90
1411.00
1650.80
1235.42
2304.25
1519.56
1341.93
1529.20
2240.19
1712.80
852.49
1291.33
1500.09
830.89
2285.19
1200.84
1332.49
1511.80
1531.13
968.68
1492.28
2334.44
1164.20
1699.20
995.12
1042.23
1251.21
1378.72
1174.56
1720.80
1520.18
1173.25
1175.06
834.68
1643.00
1873.72
1296.22
1322.36
1829.60
1920.00
718.61
1490.45
1422.23
636.53
369.29
1386.86
1225.43
1232.69
816.89
759.74
1210.00
1577.40
1312.24
1439.00
1672.75
1293.19
917.70
1421.99
778.76
1281.06
1576.14
1040.88
908.13
567.89
1061.02
1741.80
1659.20
1593.98
1581.40
1141.36
1524.69
1659.18
1236.24
1207.42
2095.63
1185.85
1221.20
1649.78
1579.60
1469.29
1258.98
1357.57
2143.18
751.34
784.12
1259.65
1554.03
854.39
1002.95
1019.08
1040.03
1493.40
1275.79
1369.18
1592.60
1612.38
1376.20
296.87
358.28
2090.34
1627.74
714.27
1535.60
852.91
1113.01
613.49
1347.40
1139.33
1764.00
666.29
1668.77
1275.44
557.99
1770.40
1092.83
515.83
970.06
1481.18
1406.04
1163.77
1742.47
1375.30
491.82
1492.40
1660.60
1243.21
2088.92
1115.86
1795.20
1039.70
1388.00
926.90
1463.10
870.21
1327.63
1654.05
1360.18
1298.10
1372.53
536.81
746.51
1299.98
1261.72
2093.13
1878.16
1278.40
524.88
1295.58
1233.00
834.32
1471.21
887.07
1330.86
1610.25
1274.91
1160.76
1364.20
944.54
838.31
1516.40
1363.56
2049.46
960.56
680.00
1313.40
1072.41
1562.72
1340.40
1429.53
1194.37
267.00
1520.60
1067.94
1976.37
1118.34
1231.40
969.34
1842.60
1591.77
1542.60
1530.23
1588.66
574.11
1779.80
1352.04
1450.21
1681.44
1484.80
1359.94
1449.11
1743.20
1534.40
1135.83
1687.14
1282.23
787.18
785.58
1522.22
1733.60
1167.95
789.97
1492.54
662.82
1190.80
1126.29
1255.98
1370.71
1131.60
1456.48
859.36
1446.40
1198.53
834.11
1038.60
1554.60
1396.16
1374.36
1171.98
1280.49
897.79
1430.60
1186.10
1685.20
1061.89
1797.20
2043.90
1387.47
1766.20
1191.91
1496.20
1138.00
1378.99
1461.93
1191.20
1339.38
633.37
1305.20
1286.18
945.17
1651.80
1292.23
1625.80
1355.84
1360.18
938.32
1657.80
1334.28
1840.40
1410.70
1755.01
1778.38
877.67
1429.35
677.94
1238.37
826.23
1353.47
1081.18
2126.41
1488.20
1234.40
1307.54
878.95
1667.80
2419.71
1964.52
688.77
1219.55
980.74
1443.00
1281.75
1422.17
1360.85
1462.51
329.70
1223.40
1749.53
1375.95
1473.00
1101.17
1740.58
1539.26
1107.25
435.73
1909.40
926.02
1677.31
1682.47
1243.03
1560.80
1001.41
1754.68
1435.20
338.50
1216.18
355.77
1464.31
759.83
732.50
1656.60
2006.19
806.15
1381.45
1529.97
2312.08
1479.40
342.53
1392.20
757.10
1852.20
1189.33
1439.60
1943.11
1547.20
1087.60
1631.69
1192.92
1285.06
578.93
1454.80
1216.00
747.85
1252.94
1591.25
1409.74
1581.60
280.46
1695.04
1684.84
1068.30
854.02
617.32
1352.50
1206.18
981.47
1427.56
1405.60
1541.76
1399.69
648.13
1711.75
1378.13
1319.36
1366.67
1230.64
1534.54
2110.79
1406.93
1108.09
1037.45
1387.60
778.53
555.28
1459.43
859.05
1790.69
1395.54
953.97
1941.32
1021.43
1538.40
1285.60
1001.06
1293.69
592.02
1470.90
1494.94
1421.83
1705.00
879.49
1215.00
1325.88
1734.10
635.35
1156.40
1258.25
874.39
1665.00
1656.00
1119.36
1375.05
1286.87
1391.20
1447.20
1231.47
1143.30
564.54
2273.60
1247.50
2044.20
1141.42
859.76
1746.00
1347.14
1338.29
997.94
1176.20
1340.95
1487.20
1150.29
872.14
1473.16
1219.55
1612.77
1449.58
736.68
1234.18
845.48
1224.56
1374.77
1657.02
1677.00
1372.40
1201.98
1834.48
864.10
1489.17
918.43
1585.47
1096.98
1202.35
1263.60
1525.49
1399.84
794.00
1098.07
2192.86
1379.40
1658.85
1571.00
1707.80
1772.16
2016.72
1280.00
1417.73
3280.99
1735.98
1357.70
1379.55
1292.34
1099.00
1362.36
667.31
1032.78
2077.18
1196.50
1818.54
1793.17
1738.00
1496.60
774.33
1546.49
1759.20
322.79
1303.14
1276.91
1329.80
1426.65
793.52
1403.18
735.32
535.81
1268.92
1588.13
1820.20
2272.27
1728.40
1445.32
1784.63
1570.60
2088.36
791.98
1737.06
596.13
822.97
947.50
1290.58
710.00
1410.60
938.15
1567.52
1404.63
1633.28
1229.52
1538.86
1694.43
1237.72
1409.11
1674.00
1217.80
938.56
1217.69
1440.04
1149.05
1405.63
875.19
749.41
1611.46
1608.80
800.65
714.42
1134.28
1429.60
1244.74
1256.96
827.58
1514.40
1397.72
1411.60
1400.40
1419.24
1271.95
549.53
1287.41
842.98
620.60
1494.39
1861.60
1163.10
1856.60
969.76
1279.12
1048.44
862.44
985.46
1262.69
1359.59
1209.64
669.69
1359.24
1639.20
1492.89
1216.41
1669.26
1192.80
1546.40
1433.84
984.88
1319.45
1778.82
1276.66
1031.76
1505.69
1090.47
396.49
1681.80
1401.60
668.75
1073.90
1372.91
745.84
1334.20
1549.73
1284.69
1169.69
1232.20
1523.74
1434.91
2037.75
1447.21
1329.59
1750.31
1401.20
1466.20
1983.08
2012.90
1397.37
1367.40
944.99
1288.99
943.55
1086.17
1252.80
1347.57
998.70
1528.43
648.77
1973.47
1010.18
1011.62
1019.82
1712.20
1576.68
1287.47
1526.46
1247.18
1417.89
728.15
1242.98
918.80
1318.80
1433.55
972.52
1349.14
1287.80
999.29
1196.62
931.77
1341.18
2041.97
968.15
1031.49
608.33
1455.58
514.91
1134.33
844.56
1309.53
1172.00
2092.02
2291.36
1219.71
1433.80
738.90
911.36
1719.60
1452.17
1254.18
1463.08
1345.96
1087.71
1617.20
1732.65
1028.86
2083.46
1904.20
2216.01
1522.11
1517.80
798.47
1623.84
1213.14
1337.82
1320.15
697.22
430.98
1827.20
1399.22
644.78
1475.65
1343.20
1167.28
1335.60
1673.60
759.35
808.92
1246.49
1488.62
618.22
520.28
485.44
1536.37
1407.80
1482.59
1528.20
1222.41
2245.26
1528.93
1293.48
1632.62
1825.40
1572.73
1491.45
1256.60
807.48
679.85
1350.39
1453.11
1764.04
1445.40
697.49
1556.83
1546.80
1635.28
1544.60
1834.02
1436.21
1267.40
2451.83
1530.40
971.18
789.32
572.80
1263.80
898.72
1750.54
1515.40
1107.60
981.91
1241.12
1157.68
1370.17
696.09
1193.35
1949.99
593.50
1226.60
777.61
1410.53
1337.34
1226.92
621.73
1546.64
1478.27
1304.47
1119.00
960.75
1870.86
1494.29
1771.25
1253.06
1743.00
980.92
1742.20
1675.55
1201.40
516.79
571.74
1530.00
921.07
706.96
1360.00
1014.05
1522.62
1811.80
1270.27
1505.98
1622.90
1352.80
1573.00
1258.60
1182.81
1231.94
1283.40
1311.61
942.56
906.80
1338.76
1186.62
1288.04
1433.39
1411.94
1219.10
1398.34
1388.80
660.26
698.79
1477.20
1435.91
1259.56
1594.30
1462.55
1208.08
673.65
1346.20
1237.72
775.85
1532.20
1458.04
1521.00
1496.59
1711.75
946.42
1291.96
1528.40
1496.80
2275.97
1014.83
480.82
1174.35
1724.86
627.80
748.70
1384.40
995.62
1314.00
1175.00
1437.86
1630.00
1771.45
956.71
1291.66
1337.00
888.63
575.16
609.77
1210.44
1825.71
1866.15
801.43
1540.56
1390.26
1694.43
1367.00
1783.60
1770.00
1259.20
1289.72
1750.20
685.28
1182.22
529.87
1682.68
1333.97
1252.07
1340.42
1530.17
2314.29
2272.27
1531.60
1251.23
1247.81
1440.82
1410.58
2088.32
1723.20
1288.65
799.63
1582.35
1476.99
962.17
1522.53
1421.18
1303.40
1024.21
924.29
1330.55
435.19
1356.22
1254.80
1464.06
1353.19
1106.48
988.62
1579.04
1054.55
501.25
1437.27
820.51
1420.40
829.25
1733.91
770.03
1938.45
1607.20
1682.20
1523.35
1480.40
1318.55
1998.62
497.55
1136.98
1788.80
695.00
1139.72
1326.80
1152.80
380.12
1086.80
1293.55
1185.88
1746.20
1621.00
432.59
1127.40
379.95
1658.21
1229.46
1448.40
1283.42
1507.80
2268.74
439.20
252.99
1234.71
1047.28
961.91
1108.57
855.28
1480.65
761.28
1543.68
1334.22
822.60
636.70
1222.26
1634.58
1926.99
725.52
1529.32
3173.00
1148.31
579.07
740.57
1220.40
1457.78
846.39
1436.44
798.53
1398.78
623.18
1401.12
1674.08
1429.00
2123.02
1627.56
1028.22
686.30
1446.40
620.87
1402.05
1002.84
1549.45
1173.88
1062.22
1341.78
1493.15
1392.95
1274.00
1878.22
1505.80
1863.45
712.05
1260.80
1192.59
1454.78
1703.80
1491.53
1678.08
653.99
1150.22
1261.44
2057.92
1423.69
1740.99
1374.00
540.29
1634.44
1659.38
1656.60
985.55
768.54
732.38
1359.59
1782.40
845.45
1713.00
1408.79
1122.58
577.53
1675.68
811.20
1105.60
416.33
1032.28
931.04
1199.05
1625.76
2226.99
823.78
1476.70
670.18
561.64
1641.80
1014.74
683.81
1300.75
1704.40
948.80
1308.12
953.46
1209.38
1310.66
1330.93
1177.87
1011.66
1444.88
439.71
400.75
1334.20
1135.96
1086.76
887.00
1553.27
1146.46
832.26
1760.49
545.14
972.10
1108.79
1411.23
1378.13
901.93
1438.29
1579.93
1224.20
1292.73
1812.00
1349.84
1474.34
1628.60
754.84
1777.85
1445.33
1683.21
1239.90
1105.61
1435.91
1287.49
1571.20
1884.24
1551.00
2050.35
1204.60
1308.68
1279.60
1673.83
1354.73
1267.55
1168.42
1521.44
1909.80
1826.93
2274.33
1322.48
871.99
1251.35
1476.76
1661.41
1698.60
453.47
1362.68
568.57
1225.21
2135.07
1405.09
1269.60
948.67
760.51
1481.76
1231.88
1522.70
1318.80
1111.59
1750.40
1528.60
521.77
1171.35
1592.29
1222.92
1558.80
1350.39
1607.98
1055.43
534.56
574.88
1672.40
876.27
1694.14
1592.40
1382.40
1230.00
1453.00
855.68
1231.01
1342.35
1362.85
1491.26
632.15
1786.78
1440.00
1287.46
437.40
1268.15
1523.80
1236.40
1061.09
2317.16
750.55
573.09
1281.04
1142.88
1401.60
1414.28
1112.23
1841.21
2162.15
1864.12
1231.47
1109.42
543.57
1465.46
1195.24
1531.40
350.78
1531.60
1727.89
1483.20
1425.48
2015.95
954.13
455.41
1433.80
1711.28
1531.20
1427.70
1096.70
1267.24
1084.36
829.65
1665.60
1000.45
1247.99
1237.54
939.92
1127.73
3321.98
1892.00
1183.85
546.71
1459.13
1181.61
1570.15
1337.41
1434.60
1441.93
1470.63
1376.66
1880.70
1659.79
987.70
1400.21
2417.17
950.90
1249.00
1659.41
973.59
1160.49
1551.33
1081.93
3249.38
542.47
1469.24
1025.99
1037.16
1372.35
510.94
1396.20
1743.80
684.52
2392.53
1040.99
1227.13
869.62
1461.70
1537.40
1354.62
1326.23
1088.18
1016.68
566.12
1509.80
931.93
1756.20
1713.98
1480.80
1064.05
1304.35
1232.50
1835.90
983.70
1558.79
1591.45
485.32
1783.55
1542.98
1822.39
1964.52
1910.71
931.84
1365.60
370.28
1241.29
1137.65
1229.05
685.40
2366.00
1256.08
1241.10
968.25
2081.39
922.07
182.22
799.86
1094.56
1584.80
1748.40
1527.60
1510.74
2314.09
1146.92
1461.71
842.91
1266.61
1103.00
701.52
792.02
1478.59
1188.73
635.29
1258.82
1486.40
1610.39
1532.17
1455.20
1255.40
1732.40
1452.00
1328.24
1513.80
1247.75
1185.30
859.15
1040.44
493.85
1434.60
1365.00
1773.28
1332.21
1048.70
1231.01
1175.23
485.39
1747.41
1968.46
1558.09
1438.00
1624.08
1188.54
2148.18
836.70
1014.06
707.23
1726.54
1277.33
1019.97
1224.74
1542.56
1842.56
1409.13
1183.17
840.71
2145.81
817.51
1286.71
1585.83
1188.08
1482.94
1518.89
1489.96
973.95
858.16
1758.40
1268.20
583.65
1263.80
1211.29
1763.70
595.71
1750.43
1242.00
521.62
1275.97
1452.18
293.91
1427.20
1318.80
1243.65
1446.40
1298.58
881.75
1732.38
2409.05
575.80
1272.80
778.31
1568.55
1456.87
934.59
1642.80
1928.96
1533.42
1282.52
1260.91
1645.40
1143.98
1586.60
1464.90
1400.03
1191.91
1377.20
370.73
903.74
758.30
735.68
1721.00
496.56
1070.94
1574.20
1489.01
1014.45
394.40
1224.09
891.03
809.13
1138.33
628.92
1522.05
1616.75
1670.20
1539.86
1440.00
716.60
1331.69
1734.27
1303.60
1571.23
2364.07
1223.44
1381.54
1245.84
1141.06
1911.40
1975.15
1126.40
1007.98
1585.65
759.96
1291.96
747.99
1822.33
1332.58
1239.42
1335.73
1488.82
1664.40
1403.68
308.41
1360.80
1493.40
1433.62
999.41
1306.74
1491.97
1412.18
723.25
1661.20
1469.45
1472.10
2129.73
1805.80
1637.44
1203.87
1764.45
1585.74
1288.70
436.10
1404.33
1958.38
1109.48
1166.43
1509.60
646.23
492.22
588.75
1574.60
1213.19
